12212143
70126043
70165743
70180293
70190493
19849303
70141723
70180293
73656993
70120363
70114653
70161853
70138613
39230873
70120783
70170233
33628893
70184423
70112043
07473713
87436643
70198953
42791583
11617693
64677333
03689503
57288203
7013923
98407473
34941143
70151283
36483113
38741903
63574503
88425103
70184503
70159963
12212143
70126043
70165743
70180293
70190493
19849303
70141723
70180293
73656993
70120363
70114653
70161853
70138613
39230873
70120783
70170233
33628893
70184423
70112043
07473713
87436643
70198953
42791583
11617693
64677333
03689503
57288203
7013923
98407473
34941143
70151283
36483113
38741903
63574503
88425103
70184503
70159963
19849304
70141724
70180293
73656994
70120364
70114654
70161855
70138618
39230872
70120786
70170238
33628892
70184427
70112048
07473714
87436645
70198957
42791583
11617693
64677339
03689504
57288200
70139236
98407472
34941142
70151289
36483119
38741903
63574500
88425105
70184507
70159960
35658350
33954214
34420274
70137322
25876726
70153164
67821662
10628371
61421968
70158414
07016665
70117305
70135864
70179968
70131552
70135214
19737524
70169240
70667530
80234691
70151868
70120625
40349292
12766698
70187131
70157634
82629277
70144671
70177699
94356388
16179091
70157060
78382576
04744437
70174430
07013700
55296378
14930669
70189129
04264638
70134247
95973695
70156876
70131778
70157876
70134721
82223973
70170414
02344646
89261291
52887972
70112292
96285775
70185450
10824357
75684411
22796603
70144231
80918393
70143714
70187660
70189723
00701831
70166101
10459777
70197121
38858774
70195224
07013038
70189377
98673238
00701897
31825360
06064677
00701422
50763431
70137082
20512380
70115155
38777369
17847660
70144565
35973269
02749270
07342154
35142423
70193529
46231138
60369125
70124099
70133955
43764357
96358288
43111018
06339070
70133271
70186258
70147269
78320507
70190225
70123878
70180423
53653018
81151777
15585697
70199601
89040168
43414037
53499596
85530481
70156354
70130768
70198285
70133054
74488550
26518676
70142660
18560296
70155268
76663030
70197923
70120523
71994409
07017462
70122386
70170453
39257094
70159898
34950081
70196620
70159341
07015060
70124891
70163816
70153154
70149671
75882521
70129817
61468757
70120213
57624836
70141260
07017144
56588754
70182819
36831204
70175207
91343939
12823953
70165637
07013972
70197652
84893135
55564803
86537027
93643585
70187167
77641679
70133383
70146609
68691944
70136668
70144456
70160951
66541112
70113272
50784445
70153815
23048238
70160215
19116587
97510123
70162588
70313533
56411947
07014137
70190842
16772755
70147383
70124073
05921148
19697932
70181571
70190743
70137335
57821181
70189266
70186027
27483609
70193013
70190670
61539080
08013686
70193123
09698609
03592800
48295948
25119312
70150830
81367464
55851685
70152227
94953797
70137175
07018967
70153687
57714699
70180734
77455424
70184766
64816830
84148940
70126554
77193584
75880742
01276019
33670725
96679724
70133919
70186665
70119103
57138983
70136469
70122015
63591713
36332796
70118372
44748405
03737695
55610382
78160873
98568821
26118268
57725393
52742374
12142618
70150592
69238729
70137717
70196781
22244907
70112218
70116516
70127880
70118978
52347676
15968945
70119429
75713432
70148818
70119941
31367481
96782337
40587513
24134051
70140067
05344028
12431524
76940085
04045199
01344393
70171633
97954702
34148879
70142645
70144991
70196433
70180571
67816458
66276726
70119206
06168576
87155293
70170646
50969482
70111417
65400295
70120486
70889182
57412592
70119816
70127191
30341461
04416192
55012645
70154132
70133814
08865648
50510262
70136274
70157817
90942583
70168821
67952913
27724779
68168291
70158897
70112975
70112039
45044494
70127035
88417467
70122956
14041005
87264800
09651814
70144357
84971506
70115830
70148048
70116792
58965388
07019503
88618081
93111529
63587888
70134188
70182418
82085358
07019356
70170414
70144280
84945087
70151089
82815764
70128894
17651895
50846986
36817916
70141921
11634572
67860471
39261737
72082448
42266449
70152405
70115072
30673213
70158184
26813997
70150759
78642444
60843917
55317539
70167822
70154721
70113683
65557882
07017663
70174513
45892621
70119941
70172608
07014291
70178662
05683874
70147782
07019225
16590308
82681794
18857326
77567537
64884809
70152936
70182255
07017901
04067073
70188718
70168149
70183523
05307152
20596900
70182642
65274663
00701759
70198863
32894763
70146706
70124192
15023905
70171602
70163319
77586418
70198703
70149228
23580371
70128632
96779521
59643198
61941253
75224726
03755546
82627941
01261934
58693928
87191883
06077713
45975430
70148918
70129130
70110389
27042398
69347230
70192632
75293129
70119132
96044129
93161600
70172328
04335786
70154799
70153917
57379420
76072208
70163078
54738058
70188312
70194577
70181802
28717988
70185192
97667908
14434105
57560714
36211623
56127889
70111153
70194963
17245672
54323249
29075329
73935478
53264280
70131248
27830385
70134627
38874673
00701964
70196201
70171766
94869868
74317114
00225792
20991452
46656494
77914629
75888286
70166730
70140759
35556039
07013323
84892615
70126931
70126378
70158300
02999883
40386770
72315433
80042889
07233488
47977707
70156141
44320086
70131498
59440260
70153896
02496951
02795895
89148452
70174180
61665009
70151807
07015046
21332634
41223814
16150303
70149345
70167620
70186254
28235901
70155342
70114902
70191066
70188775
85543900
73536755
70170537
94393154
70192521
41669444
07016446
29364560
64461634
70176639
76231046
74296172
04998307
70160496
88958919
70171927
70131750
14326317
41143566
70122113
13293930
77927898
70178183
16481869
70146014
70124272
55995761
84587852
00186694
60493339
69913644
93273431
83043915
07011154
98795483
70155243
31919111
70172659
70156333
70181060
60246287
66782104
57593893
70196680
70129392
56053570
07014337
70140641
70112485
70174394
70146981
70171467
70166021
07017538
03438644
07019123
37605533
70128152
70130595
35033181
53473739
70112726
70111408
07019899
70185486
70191243
70111378
70179213
70182800
70142283
70186751
70148737
70137920
20661253
70190466
66493671
70163312
70188764
08852908
20588858
07101421
24288257
47546634
38322170
70160362
33046891
75788394
89366790
70173485
74518710
70181690
70114318
70136565
12818025
70114387
10333933
70145162
70130394
70162250
70124466
26633097
48849194
92545712
70152660
19029213
70158995
47752900
70190073
70114972
10556679
06943612
70169047
70154528
70157158
64858326
70126848
04926833
10448905
70155116
33556494
82093513
59747914
07012756
70177244
20955889
62081124
82986765
82910191
44586825
70157917
41983877
45638661
64491349
70364285
07019925
70199009
59436705
70112898
70166619
10242104
70166681
70197925
70185273
70129031
60468101
64126839
70171600
70187251
70153385
70135233
70187236
01476412
57949401
83777596
80789485
70153919
36028686
70136874
07016183
26614564
70125667
70186282
94187139
07017109
93684394
70192685
70186395
70174795
70113954
48744839
70115589
11160388
01809692
99059974
70147662
70172309
70117507
84413075
70121061
30677299
70185741
15360008
70194350
70131263
38541540
17724616
70127460
70164378
21183335
70117276
70161457
70136657
04549152
43533206
65279826
63787434
86681205
70128260
70115337
70155464
70138650
70159544
70179349
15993201
07014083
70818698
70165790
70156489
70130167
13533866
70133329
70314187
70131421
27992529
18949917
90379928
70171247
46719581
70166746
08191337
71592894
91789616
07015402
70157940
36760638
70146188
61119707
70159456
70118213
70112331
70146552
70112430
81681423
70154007
04172806
70138718
00070129
70110658
07015735
13071484
47214541
70116675
70154485
70155625
70198260
80469898
70116358
07017439
70147305
13315653
70147704
70119565
96301854
93894717
70112868
37346968
70162504
70150562
70180346
81385986
70180289
70110080
07013904
70149192
20672976
70156248
43418130
70148823
48655604
70183276
70168660
70157385
45553546
70170419
05885574
14396053
07015593
18954658
03091640
32066646
95717529
07012069
70121804
79588963
17935665
70139911
70117751
07018831
68942245
71347046
35066277
32019490
70185558
70168425
70179659
70171731
07014427
27373865
99545191
66816196
08292767
70142400
15597767
70129272
70156069
84364648
70190462
16624381
70194998
92893957
42262310
09586587
83255558
65859881
45342210
70185767
18199425
12448755
70166037
94779686
36611276
70161696
83386477
27827874
70133114
36264929
29330861
54835367
70128742
01043338
70159525
51357794
08546420
30814562
70188722
12318011
32555043
34134921
70191204
70190635
09578792
38951302
70198807
70139930
22368872
07017364
98858358
99242516
07016935
29081597
70149015
16235396
70197724
78755569
70148598
11247081
03859375
70127879
06334673
50767674
27499269
84876579
03086615
78967943
70137578
86716175
70117887
70120020
35768572
70194796
48287538
70121284
01197907
70154987
11228984
70165512
45037452
70132582
70141778
70154352
70133419
70188958
03937177
75865944
70173798
70188606
70158988
64323846
46486593
19434371
70161013
70179353
63174368
70195082
07018961
81248325
61226459
87839535
70171823
70174527
83128273
70129531
70182020
70110597
38173016
70169110
70181189
70121645
69466027
70198373
29695798
73683137
70125987
70134701
82028371
98457204
87778750
70196150
37147160
70147905
70118828
00154515
66623037
95952292
05967581
70190984
44659063
41323816
63848919
70138556
12158646
47586559
70186496
70160503
41942236
70162589
70185724
29560612
75428509
44465118
70179350
42738266
70136822
11089837
73423839
48167042
34829157
48692108
66741768
70173244
51753080
07018554
70165782
14217932
70168629
70197667
70131094
70158765
70179244
14771316
71716669
88302721
70121636
06216639
10987505
70126908
83699979
70115842
00701474
70122653
70193847
28487341
19599772
89116550
78458152
70165532
50834120
69885862
70148475
07189376
70147129
70120599
70189825
01754790
70124458
70157367
70142116
70156924
70144262
70184494
70125218
85728321
45883673
70140944
67792678
70198018
70139598
07019612
22261608
70137628
70136322
37283858
61665448
70180244
70147163
70136271
36767775
34582712
70192590
07011455
70155479
69272513
03174350
70112198
70138565
70123107
69568397
70175391
70171541
70141053
57959742
70115054
42615809
70110753
07013356
32390576
70129574
32887507
62896224
16453250
70132535
76998195
52340351
04625843
70177374
13859903
64652607
70149884
70183291
70124730
18720181
25898978
70190102
23893183
64310488
59524835
78638288
07019831
58428610
70172202
70134276
70122638
85472158
50951787
97911610
97974395
70150666
70179353
03373019
70117568
70147368
70193609
70189295
70132813
07011597
64403162
75043034
70115799
27354739
70195495
26019185
88042430
70148021
91646130
21047670
70175753
57279526
65938957
70120306
70198538
70127590
84565589
66581735
83036966
23397656
42183002
41363538
70170317
70133218
70181120
85723536
00701921
70157846
70117525
48153125
70177353
70137904
70139094
89712745
96240304
70124774
70180391
77386709
07013110
07015661
19011516
70198474
83751453
70186229
94685813
83575661
07015512
70155657
70192904
70137401
82116131
44715603
53662857
70149374
07018141
70198224
38775581
80217679
84012842
45951242
70186121
97428898
95676791
70170873
07014669
70170378
70134148
70174763
58822175
07016900
70159958
29384404
44073723
70168558
70161704
70189607
70193396
70163424
70147648
07018117
40858569
70129642
15186012
70153003
70126361
90320353
14412533
78033249
33310294
89297192
37300321
96329218
70116268
61482324
56296312
70157479
70127231
70167100
07012026
70157572
04797597
47535072
36794268
23830742
00701333
26676545
70110016
23156779
00783403
07016886
70161299
70119809
70161769
20559466
70181040
39832645
07018991
70121500
83427634
70154918
70163325
02028810
70119177
70611908
31267721
76420665
70121833
70150396
20345866
70158816
11853533
70186201
70144767
11390969
70155374
14362450
08565777
70199025
74250620
38634687
32182868
70198396
70149283
70110732
92175684
70145689
37792630
70197430
70139416
70185083
70149574
04056547
70149323
70147424
38920452
70144113
70428937
70161636
08648244
79929037
07827834
04614182
28477020
07015909
66147676
76927838
70172389
46995346
21970366
84230862
70161189
70186687
70163122
73698102
73221990
45578978
07017994
70111767
70177493
70139106
14370258
70198884
67296015
70179776
81441971
70198955
88133565
87669233
08379789
70173353
70169251
70172263
24221898
95167920
15324071
51157560
70162357
70152950
70133994
70192833
70171752
35914473
04906819
70181753
38098853
05264570
24732838
26419883
79621918
19724262
43387885
54787392
45565129
54453181
70185581
70167165
56628519
07017358
78174409
70161651
56350415
70166741
70189627
00701919
70181642
70166019
15932234
70155287
70196536
70177635
70164931
84876633
70158096
67317908
70169035
39629835
06333650
70154122
11580041
70174382
70183944
70184488
70170352
00628383
28828448
07016037
70192630
53259123
07018508
51039232
83839376
77143879
64031214
66159624
70122477
72155296
70155514
43169941
70115931
70113412
87618262
75843550
81441447
78654314
85024305
99460594
70126809
90172535
09186666
00701147
70146207
61795272
74924949
70143134
70159992
86135933
70140171
07498185
61634210
70193688
69695431
07014545
31727384
07011440
57071179
44936116
89602465
58253918
70168102
26851164
70166942
88914509
72486512
18553003
70135884
70159014
64153211
70179913
36293319
16154086
02361184
07086777
70180440
70130102
70143165
70149179
13416030
37396069
07438005
70197246
70159886
70132038
70132305
70144611
70122589
39571872
09633897
70136016
70140402
70126443
70186905
70156427
48786391
70154687
46282192
70111723
14633291
70179181
70189581
70176158
83434659
70148113
70175328
70998292
70126792
70117683
95359542
70182702
70121925
70159809
06752686
70153221
70117477
78785198
70183219
27844652
70114230
70161079
70141977
69012837
70182349
55961122
70119681
70140117
70197580
70156405
70151388
77599342
70113136
07011230
56593920
70164704
70118243
70196348
94367026
81318390
70118987
70171640
70132252
60354294
70119515
34325381
70184323
69772924
49489780
17465000
70159529
70199481
70146795
70156479
70153616
49594707
70111381
43770711
66239538
16710000
31619933
00415594
06696189
01947159
19434420
70124985
70179497
70159338
70182679
70137900
70186939
70115186
70144487
57732115
70140095
70190899
70178601
03221720
93469580
07018612
08446951
70182748
55931604
22985339
07145979
17531580
77372597
70119031
70155565
29049539
22519784
70177854
36310866
70150466
70190359
47559219
70194900
75477769
21175363
70187679
80973842
01981067
65547264
61259627
70842199
69577839
70148304
87272612
70173577
07012657
10148804
70147980
00898674
54909817
70190294
70176640
70134639
70148445
99369437
70194896
84853528
70112381
06722430
86714853
54754248
70141935
70171576
07016494
70196966
70163253
70126141
70166890
99259459
89499769
70124428
06692857
70163405
70196788
70154539
70197892
70174586
70114531
70131319
24626096
74417741
02645287
07016681
61528904
21120760
70127095
70121025
40778489
70156058
70157895
07013577
33640559
00599820
34610198
79690500
12396356
70137380
41434958
51375315
70435228
48586794
70143502
84574600
70170649
07016657
70171587
70132099
06321120
07018466
23423711
33237101
24655514
35355816
70141385
86580453
70152554
79671620
70177768
70135225
70199445
07013327
70136481
70125459
72993854
70193546
96530668
98059209
70149356
97676780
70199247
25976869
72693118
12567217
98343668
70143047
07392337
70168530
35566423
70131143
41673437
53588572
52132194
70174988
34854106
70122475
70140423
70140935
24490352
70165858
70113584
03669264
05902622
27511380
55470624
29412477
29327335
56077932
29813962
70170241
10338192
67919226
47222101
70112651
70148003
94866329
70145417
10335829
70126043
08554051
70165743
70113017
70133100
30086925
83186538
70185424
70118560
76017059
47886177
35219628
70198787
70175242
87558659
70126501
70150885
12212143
48112954
70151636
57594776
70134576
55288669
33355428
70130354
70138367
70139895
70190493
70120229
07015236
52694268
25436204
70173976
07011364
70153298
99015159
43623677
15346730
70137053
70178165
70123855
62114761
70183870
45757483
70111159
70166402
70162125
70130607
70118521
70177350
79814349
37559847
70132137
68796838
32497498
70141433
70167085
07016186
25855083
00701301
70167392
44348834
15837729
81777453
01696236
70123202
29383557
78919359
61797999
70184595
07795631
70170082
91569172
77868057
81141456
70188198
70149292
48872024
70166289
97292298
49732384
07013644
70128998
70152853
12915393
47833712
70158123
00701655
70135327
80341452
73657919
70185128
23137931
70129657
73978961
70184794
70197085
70137392
70141727
70144186
79617217
70130238
70158923
07014057
70197134
66386432
70162001
70139903
26420716
28420779
30749233
23343556
70143901
70155054
82579444
11359005
70113794
70199677
70126650
07812779
70150955
81038126
08352328
70115316
43771488
70131602
20518695
47772860
83220343
94845119
99342497
93361813
15465428
70148698
70143844
88646715
70187883
24635020
58587563
70137905
76512769
08863555
70192873
70156303
67879403
26124777
70168375
00701765
70111056
21130525
58198888
07012721
86817996
70166048
78919774
54112220
70172646
70164781
36145594
61869549
22754208
10774603
70110911
19047281
52822353
99870927
37333456
53251246
70151972
45839635
56910269
45463584
70167451
15586101
70168183
70168233
70148229
07014344
70118455
70166161
70121626
14238796
38076561
66677944
44140837
50051514
70133773
70166864
70199617
72011997
00237649
14165433
70169145
70161222
89964561
70197286
28935048
77494925
71293600
75316639
70158202
70972588
70184078
70141123
07019413
07019680
15832845
43494387
29685968
70181976
70157427
70161845
66791292
69278622
70128774
70182307
98663901
78868184
10530760
70134112
70155446
70184763
70139679
15858725
70121496
70187586
13562951
70158796
18544537
53534035
39870732
21285467
38844140
70151114
70155041
54397625
70121817
70134058
07017145
70153797
70172681
70114280
70141930
62534322
70167743
70141112
42569865
63021645
66850525
80253953
29921099
73244271
54835807
70126580
70137902
70117461
00701525
41892099
70193658
70150228
70131996
70123739
48941156
68774311
70140032
70132715
70168268
70191498
93844456
70131193
70121546
02751595
96093251
70195410
00678660
66902978
84783847
70139394
70125136
14231017
61160467
70486204
49599936
85039452
70114733
82016370
70112056
70126110
95731361
07014924
28863394
70143588
70181255
70115494
19149665
22196442
70153253
70189525
62636510
71981395
96756493
07013071
70148238
70195876
70176313
70176103
61754381
70157669
76721033
70117285
70125200
91763321
70142862
70140203
00701834
70157359
40871529
24636014
64962308
70177532
70145244
64864315
70161754
15257327
16030085
70115650
70146271
98774511
70125108
70199916
70633800
07012848
77970976
07017587
70169150
70115077
70115093
40330734
70114240
70193974
70149512
70183756
33624455
70125333
15433466
73691577
74583192
75632542
80699315
23739200
70136550
70166551
70151017
70199746
70136803
72112442
70139781
70174638
10414409
70193277
70180655
07013562
70143155
74164435
31443887
70137775
88418865
47248421
21957402
36045196
07016300
24343557
70165197
70162120
07018818
29999543
45067853
65529114
00234767
70163143
41918607
55978381
74951973
70128877
03231664
70124674
93533121
87999075
81554047
70161808
07014510
57294444
86367615
70148323
27390118
70120550
70172458
71620216
70166987
76604470
70137798
70150772
70123255
07017637
70177129
70164031
11319429
70153023
70159805
07012744
70120538
70130295
51810687
70186369
70195358
62191839
21692887
70188748
78427654
36673928
71727428
31035618
12052702
70130658
60498357
70191050
71772948
73119294
70163072
52243130
90466044
13138946
07019296
70164353
70184129
70125375
00067783
97046486
29573986
90059507
57609969
70192620
53315805
70181013
70182939
70119326
70142960
70146302
70146935
70158105
39842972
70199480
00315198
70163243
95720810
70130188
07872599
70110541
70152396
70155578
65510339
07019738
70123718
70136998
53767040
32919668
81136559
70182156
96349057
70188859
70196221
50981823
86813008
70147453
70133065
32929260
70179403
70688634
70125159
41887694
70127201
70119257
70183398
70158509
00701863
47247190
52750939
70188291
21756667
70113194
29479390
70164252
07019330
81875667
70130958
09015250
01222289
70171426
44473529
70190886
19889411
07012449
70114495
71031147
70135933
51140807
15838706
25098293
28618181
05512125
70117484
70113264
70180393
67167268
87659751
70150596
70129366
70175937
70120470
70168206
70150364
01514151
70179325
30269717
67743552
93546685
24013772
07014554
70187844
60470239
07018244
75469106
70182776
44656816
70124001
70135355
70168201
90934113
70174537
70154715
45037079
70118245
70114073
70131188
03953327
70160332
07011755
46782048
40697129
83841633
70187021
07013133
77250143
70170006
70185958
46491931
05656050
80587744
70132156
70110472
48421559
70163306
12294191
14718850
90868437
70190308
50748077
70114843
70196604
56986216
27712188
70170550
07015719
70112459
20637545
70185647
70153050
01242199
70175425
70186229
26825276
16963627
70143738
68786460
70135439
42472096
95470636
10037131
47756088
70157771
02794156
70160457
60224528
86813776
70136770
70151081
84722779
70986329
70140902
30526673
70161232
07014857
70129808
07018659
97762658
70114875
24780949
94819585
70128965
70144736
16778395
70145342
70190653
36725587
70117123
78271983
70130139
70184208
70133620
70167515
87645657
70167176
70160946
70126950
70116437
80540083
07013942
99427799
70129427
92267637
76873319
70141052
70165156
70177836
70147888
70190314
70197688
14821929
58619433
10758339
62484131
34713604
73021422
09312402
70118109
91238366
39259516
58988939
70166259
93511005
70195627
70158652
02923819
08608256
17249018
40693817
70148790
95425308
70130438
70139480
70143294
39779990
94417957
70135553
70193205
64825456
06857487
70173394
70194219
81221409
33445954
81294516
50987447
70138483
49724966
67837320
80488037
27318584
89561680
70182653
70136203
70181782
14425598
70143515
70119035
43815747
65693647
70199065
70116007
70176873
56839841
44945360
07019674
70118986
70156341
52727701
06428411
16562182
70145843
76339357
70111904
70129762
23854623
30954802
45119983
90120002
07011564
44378767
70160996
70178672
46050133
00701659
50088239
39929657
70130506
70110256
33741971
35769407
46585230
70176908
81072735
90986969
07012917
70185695
44911822
70176202
72380927
71867726
70110247
52514664
21010018
49932608
96652297
96532429
70146378
21946833
75052218
80465003
59776180
70129959
91495406
43413612
07012921
44521270
70117500
07019353
70144295
25979186
68621138
44010071
70140886
70155618
70175497
64228854
56941782
14219229
19830158
70154288
70176160
70153439
60962470
70183824
00810581
75322064
70133563
09042364
70141486
09441388
34643515
67888000
82630351
07011450
87915025
70123571
35146511
70186355
83721167
70169634
70151950
29851402
70158818
70154779
36554749
70145127
07017075
32072455
70199389
51445980
70186862
68988295
89422225
70150820
76275478
07018525
70147966
36203477
86573423
57065905
07019463
16039256
72472894
70161836
70174303
91569368
61634409
83295446
70138361
70189784
70131859
07016157
74481689
22283597
38820189
03799888
70169955
70129605
83593677
54039592
70610372
22597494
24761609
90793475
70153782
74079588
80461689
70155683
70173620
70148733
70111244
74342358
21750980
70183720
07018789
23996331
70126266
43470978
53274575
35334150
54845641
53044503
34652247
70171019
41100358
88296169
38369786
70147543
43163905
44310086
70116424
49683068
15275963
70115041
74159539
43033889
70119726
35467625
34338616
10761686
67996001
28520221
00494250
36558872
70151046
33443576
70135380
11747778
07019857
70163705
70147457
70178567
70183318
43934836
70147019
70159740
74763362
70185494
08436605
26193927
70119855
70170185
05173860
32567240
70178810
70148142
70189593
70180414
17138619
67382905
70133062
70120059
70167565
70122783
56287309
70177905
07015362
78590900
07013599
70173602
70136103
70195510
06905387
13685121
70157495
86792541
70128423
39419006
25236442
70157945
70158938
09094144
70153626
70111321
70159741
70160372
70151206
87887247
07426321
70191974
70130771
70121665
07011985
70134180
70136547
74465759
74126961
70125675
75099127
29226818
70471425
70119359
70192125
70195485
65450835
70156485
70149726
14817091
77552536
65115432
26525680
85929672
83176610
02854671
67522327
06276192
70174463
70153699
52409606
70193541
70156490
70130887
72388068
47382870
07011391
70137959
39739242
78148254
70165240
70137967
65046319
70192317
70182589
70193474
13785526
34697483
70188767
87243345
70198384
17293193
90983669
70176131
45930134
51871349
74668873
59276579
76478063
13877551
32691404
81839775
40024096
70144599
06104319
70177620
70118720
58601579
70166319
82635458
54733138
70143754
70162422
70153015
07016127
01538716
65364700
45299821
92668651
00701472
70196270
70149564
72737849
70145902
33763478
43297629
64026799
16468303
07018453
70134707
99432569
70176033
70159972
94836865
07017131
70194973
96425250
70182450
70173153
41049311
91586355
70163845
32485239
08358445
70155007
70198110
70175577
70161256
70141954
70176110
70154533
43772298
20434729
70125034
95637449
70129707
88723291
96917860
70160784
92018042
70126384
61484040
70187782
70130934
44657574
42415756
70134144
68439827
70142210
70119560
73539170
70117862
16525911
70170769
70167468
70121722
90091248
70169534
68312993
70142324
05621868
07018949
70184214
93024741
01569505
70172895
70170928
70126040
07147576
70121661
70141695
30336772
03179750
53187384
50598806
27447258
70142172
56518430
70156440
09666920
77444129
70117280
10654593
34257182
70147461
92471781
00701892
70185877
66622402
07012247
81234123
70166562
70114260
70189820
00701393
91093621
70192217
70175110
77767332
70144341
70130877
53678799
06212747
11198167
70197877
85663282
24675982
21556621
70180994
70130370
70148799
01114994
70156111
80745372
20698300
56357307
70153233
64954144
14448795
70183551
70149335
36657715
70124385
70129432
03595723
60051111
70133836
70187630
07015710
65852823
43953776
70170340
84121356
70115469
70168698
70177415
55696659
87563017
51284183
70199010
70193566
23780894
70117241
70110687
07019896
60645423
99179393
09314196
70150766
96286021
70192750
79187297
56395431
70174985
70166779
62322160
26281611
27474961
70159692
89133830
07014228
18769930
95320301
32071864
02319633
70115492
59524803
68057774
70148868
70159522
70193180
52030346
79456117
20611902
70118554
43319156
70114852
78342961
37252969
77489245
55428696
53347701
70188443
43823217
70120230
70171667
70139385
70140729
53833775
96779215
70112730
50285567
60932792
17995399
70183917
70138871
40177860
58798588
50821717
34815862
70196781
70182207
70181277
85583061
70158658
77349495
58851188
06264887
70166393
70158865
49242355
09955415
70168904
70189723
54758815
60916038
98695502
33497115
58246942
70150311
70194035
70193059
70176045
07019826
70156901
86954102
70134716
70174999
98275179
93736130
24081024
70148409
79057488
30933192
83310680
70132266
26542814
70142724
70131633
70166547
70122217
28122965
14437284
97065198
91742092
93718419
89871212
07017524
70165959
76539019
56895963
70168598
81989891
70180512
70156038
70139804
70181892
70139790
70140916
59062675
70156495
95246739
70147872
70123265
76893322
04484217
70157734
20053706
70172186
70113325
29967672
33776384
70134189
12552900
70119068
70120374
92842872
70118977
70160384
59151420
19452424
70141695
61691576
70135455
70146629
27212572
70183999
70155930
07016632
70195166
74019790
80889626
70184138
70129086
07013946
70115489
64036900
46944290
